// For amp around 150

{	0	,	32	,	1	,	9	,	71	},
{	0	,	33	,	1	,	9	,	71	},
{	0	,	34	,	1	,	9	,	71	},
{	0	,	35	,	1	,	8	,	71	},
{	0	,	36	,	1	,	8	,	71	},
{	0	,	37	,	1	,	8	,	71	},
{	0	,	38	,	1	,	7	,	71	},
{	0	,	39	,	1	,	7	,	71	},
{	0	,	40	,	1	,	7	,	71	},
{	0	,	41	,	1	,   7	,	51	},
{	0	,	42	,	1	,	7	,	51	},
{	0	,	43	,	1	,	6	,	51	},
{	0	,	44	,	1	,	6	,	51	},
{	1	,	45	,	1	,	6	,	51	},
{	1	,	46	,	1	,	6	,	51	},
{	1	,	47	,	0	,	6	,	51	},
{	1	,	48	,	0	,	6	,	39	},
{	1	,	49	,	0	,	6	,	39	},
{	1	,	50	,	1	,	5	,	39	},
{	1	,	51	,	1	,	5	,	39	},
{	1	,	52	,	1	,	5	,	39	},
{	1	,	53	,	0	,	5	,	39	},
{	1	,	54	,	0	,	5	,	39	},
{	1	,	55	,	0	,	5	,	39	},
{	1	,	56	,	0	,	5	,	39	},
{	1	,	57	,	0	,	5	,	39	},
{	1	,	58	,	1	,	4	,	31	},
{	1	,	59	,	1	,	4	,	31	},
{	1	,	60	,	1	,	4	,	31	},
{	3	,	61	,	1	,	4	,	31	},
{	3	,	62	,	1	,	4	,	31	},
{	3	,	63	,	0	,	4	,	31	},
{	3	,	64	,	0	,	4	,	31	},
{	3	,	65	,	0	,	4	,	31	},
{	3	,	66	,	0	,	4	,	31	},
{	3	,	67	,	0	,	4	,	23	},
{	3	,	68	,	0	,	4	,	23	},
{	3	,	69	,	1	,	3	,	23	},
{	3	,	70	,	1	,	3	,	23	},
{	3	,	71	,	1	,	3	,	23	},
{	3	,	72	,	1	,	3	,	23	},
{	3	,	73	,	1	,	3	,	23	},
{	3	,	74	,	0	,	3	,	23	},
{	3	,	75	,	0	,	3	,	23	},
{	3	,	76	,	0	,	3	,	23	},
{	3	,	77	,	0	,	3	,	23	},
{	3	,	78	,	0	,	3	,	23	},
{	3	,	79	,	0	,	3	,	19	},
{	3	,	80	,	0	,	3	,	19	},
{	7	,	81	,	0	,	3	,	19	},
{	7	,	82	,	1	,	2	,	19	},
{	7	,	83	,	1	,	2	,	19	},
{	7	,	84	,	1	,	2	,	19	},
{	7	,	85	,	1	,	2	,	19	},
{	7	,	86	,	1	,	2	,	19	},
{	7	,	87	,	1	,	2	,	19	},
{	7	,	88	,	1	,	2	,	19	},
{	7	,	89	,	1	,	2	,	19	},
{	7	,	90	,	1	,	2	,	19	},
{	7	,	91	,	1	,	2	,	15	},
{	7	,	92	,	1	,	2	,	15	},
{	7	,	93	,	0	,	2	,	15	},
{	7	,	94	,	0	,	2	,	15	},
{	7	,	95	,	0	,	2	,	15	},
{	7	,	96	,	0	,	2	,	15	},
{	7	,	97	,	0	,	2	,	15	},
{	7	,	98	,	0	,	2	,	15	},
{	7	,	99	,	0	,	2	,	15	},
{	7	,	100	,	0	,	2	,	15	},
{	7	,	101	,	1	,	1	,	15	},
{	7	,	102	,	1	,	1	,	15	},
{	7	,	103	,	1	,	1	,	15	},
{	7	,	104	,	1	,	1	,	15	},
{	7	,	105	,	1	,	1	,	15	},
{	15	,	106	,	1	,	1	,	11	},
{	15	,	107	,	1	,	1	,	11	},
{	15	,	108	,	1	,	1	,	11	},
{	15	,	109	,	1	,	1	,	11	},
{	15	,	110	,	1	,	1	,	11	},
{	15	,	111	,	1	,	1	,	11	},
{	15	,	112	,	1	,	0	,	11	},
{	15	,	113	,	1	,	0	,	11	},
{	15	,	114	,	1	,	0	,	11	},
{	15	,	115	,	1	,	0	,	11	},
{	15	,	116	,	1	,	0	,	11	},
{	15	,	117	,	1	,	0	,	11	},
{	15	,	118	,	1	,	0	,	11	},
{	15	,	119	,	1	,	0	,	11	},
{	15	,	120	,	1	,	0	,	11	},
{	15	,	121	,	0	,	1	,	11	},
{	15	,	122	,	0	,	1	,	11	},
{	15	,	123	,	0	,	1	,	11	},
{	15	,	124	,	0	,	1	,	11	},
{	15	,	125	,	0	,	1	,	11	},
{	15	,	126	,	0	,	1	,	11	},
{	15	,	127	,	0	,	1	,	11	}

// For amp around 90
{	0	,	32	,	1	,	15	,	71	},
{	0	,	33	,	1	,	15	,	71	},
{	0	,	34	,	1	,	15	,	71	},
{	0	,	35	,	1	,	14	,	71	},
{	0	,	36	,	1	,	14	,	71	},
{	0	,	37	,	1	,	13	,	71	},
{	0	,	38	,	1	,	13	,	71	},
{	0	,	39	,	1	,	13	,	71	},
{	0	,	40	,	1	,	12	,	71	},
{	0	,	41	,	1	,	12	,	51	},
{	0	,	42	,	1	,	12	,	51	},
{	0	,	43	,	1	,	11	,	51	},
{	0	,	44	,	1	,	11	,	51	},
{	1	,	45	,	1	,	11	,	51	},
{	1	,	46	,	1	,	10	,	51	},
{	1	,	47	,	1	,	10	,	51	},
{	1	,	48	,	1	,	10	,	39	},
{	1	,	49	,	1	,	10	,	39	},
{	1	,	50	,	1	,	9	,	39	},
{	1	,	51	,	1	,	9	,	39	},
{	1	,	52	,	1	,	9	,	39	},
{	1	,	53	,	1	,	9	,	39	},
{	1	,	54	,	1	,	9	,	39	},
{	1	,	55	,	1	,	8	,	39	},
{	1	,	56	,	1	,	8	,	39	},
{	1	,	57	,	1	,	8	,	39	},
{	1	,	58	,	1	,	8	,	31	},
{	1	,	59	,	1	,	8	,	31	},
{	1	,	60	,	1	,	8	,	31	},
{	3	,	61	,	1	,	8	,	31	},
{	3	,	62	,	1	,	7	,	31	},
{	3	,	63	,	1	,	7	,	31	},
{	3	,	64	,	1	,	7	,	31	},
{	3	,	65	,	1	,	7	,	31	},
{	3	,	66	,	1	,	7	,	31	},
{	3	,	67	,	1	,	7	,	23	},
{	3	,	68	,	1	,	7	,	23	},
{	3	,	69	,	1	,	6	,	23	},
{	3	,	70	,	1	,	6	,	23	},
{	3	,	71	,	1	,	6	,	23	},
{	3	,	72	,	1	,	6	,	23	},
{	3	,	73	,	1	,	6	,	23	},
{	3	,	74	,	1	,	6	,	23	},
{	3	,	75	,	1	,	6	,	23	},
{	3	,	76	,	1	,	6	,	23	},
{	3	,	77	,	1	,	5	,	23	},
{	3	,	78	,	1	,	5	,	23	},
{	3	,	79	,	1	,	5	,	19	},
{	3	,	80	,	1	,	5	,	19	},
{	7	,	81	,	1	,	5	,	19	},
{	7	,	82	,	1	,	5	,	19	},
{	7	,	83	,	1	,	5	,	19	},
{	7	,	84	,	1	,	5	,	19	},
{	7	,	85	,	1	,	5	,	19	},
{	7	,	86	,	0	,	5	,	19	},
{	7	,	87	,	0	,	5	,	19	},
{	7	,	88	,	0	,	5	,	19	},
{	7	,	89	,	0	,	5	,	19	},
{	7	,	90	,	1	,	4	,	19	},
{	7	,	91	,	1	,	4	,	15	},
{	7	,	92	,	1	,	4	,	15	},
{	7	,	93	,	1	,	4	,	15	},
{	7	,	94	,	1	,	4	,	15	},
{	7	,	95	,	1	,	4	,	15	},
{	7	,	96	,	1	,	4	,	15	},
{	7	,	97	,	1	,	4	,	15	},
{	7	,	98	,	0	,	4	,	15	},
{	7	,	99	,	0	,	4	,	15	},
{	7	,	100	,	0	,	4	,	15	},
{	7	,	101	,	1	,	3	,	15	},
{	7	,	102	,	1	,	3	,	15	},
{	7	,	103	,	1	,	3	,	15	},
{	7	,	104	,	1	,	3	,	15	},
{	7	,	105	,	1	,	3	,	15	},
{	15	,	106	,	1	,	3	,	11	},
{	15	,	107	,	1	,	3	,	11	},
{	15	,	108	,	1	,	3	,	11	},
{	15	,	109	,	1	,	3	,	11	},
{	15	,	110	,	0	,	3	,	11	},
{	15	,	111	,	1	,	2	,	11	},
{	15	,	112	,	1	,	2	,	11	},
{	15	,	113	,	1	,	2	,	11	},
{	15	,	114	,	1	,	2	,	11	},
{	15	,	115	,	1	,	2	,	11	},
{	15	,	116	,	1	,	2	,	11	},
{	15	,	117	,	1	,	2	,	11	},
{	15	,	118	,	1	,	2	,	11	},
{	15	,	119	,	1	,	2	,	11	},
{	15	,	120	,	0	,	3	,	11	},
{	15	,	121	,	0	,	3	,	11	},
{	15	,	122	,	0	,	3	,	11	},
{	15	,	123	,	0	,	3	,	11	},
{	15	,	124	,	0	,	3	,	11	},
{	15	,	125	,	0	,	3	,	11	},
{	15	,	126	,	0	,	3	,	11	},
{	15	,	127	,	0	,	3	,	11	}